<<<<<<< HEAD
ID   SHD; MATRIX.
AC   PS51070;
DT   JAN-2005 (CREATED); OCT-2013 (DATA UPDATE); OCT-2015 (INFO UPDATE).
DE   Stonin homology domain (SHD) profile.
MA   /GENERAL_SPEC: ALPHABET='ABCDEFGHIKLMNPQRSTVWYZ'; LENGTH=149;
MA   /DISJOINT: DEFINITION=PROTECT; N1=6; N2=144;
MA   /NORMALIZATION: MODE=1; FUNCTION=LINEAR; R1=0.2766134; R2=0.0074126; TEXT='NScore';
MA   /NORMALIZATION: MODE=-1; FUNCTION=LINEAR; R1=-2514.41606; R2=43.60341; TEXT='HScore';
MA   /CUT_OFF: LEVEL=0; SCORE=1110; N_SCORE=8.5; H_SCORE=45842; MODE=1; TEXT='!';
MA   /CUT_OFF: LEVEL=-1; SCORE=840; N_SCORE=6.5; H_SCORE=34112; MODE=1; TEXT='?';
MA   /DEFAULT: M0=-5; D=-50; I=-50; B1=-500; E1=-500; MI=-105; MD=-105; IM=-105; DM=-105;
MA   /I: B1=0; BI=-105; BD=-105;
MA   /M: SY='G'; M=0,0,-40,-10,-20,-30,80,-30,-10,-10,-20,-20,0,-10,-20,-20,0,-20,-30,10,-30,-20;
MA   /M: SY='W'; M=-50,-50,-20,-40,-10,10,10,-50,-30,-20,-20,-30,-70,-30,-10,0,-30,-50,-30,200,50,-10;
MA   /M: SY='P'; M=0,8,-17,23,21,-35,-10,-5,-28,8,-17,-25,-7,25,0,-10,7,-3,-25,-27,-17,11;
MA   /M: SY='M'; M=-2,-20,-17,-30,-17,19,-22,0,10,3,25,31,-7,-37,-17,-7,-18,-5,5,-18,10,-17;
MA   /M: SY='M'; M=10,-17,-20,-25,-2,-23,-20,15,2,15,10,42,-3,-30,13,8,-17,0,-8,-25,-10,3;
MA   /M: SY='L'; M=-5,-13,-5,-13,-15,17,-23,-15,25,-20,32,15,-20,-33,-23,-17,-17,3,20,-23,25,-15;
MA   /M: SY='R'; M=-10,-20,-20,-10,-10,-10,-20,-10,-30,10,-20,0,-20,-10,30,80,-10,-30,-10,0,0,0;
MA   /M: SY='H'; M=-2,-17,-28,-27,-9,-15,-18,26,19,-15,2,7,-5,-12,11,-9,-10,-5,4,-30,-7,-4;
MA   /M: SY='P'; M=-10,-20,-30,-10,10,-40,-10,10,-30,10,-30,-40,-30,110,0,-10,-10,0,-40,-30,-20,0;
MA   /M: SY='E'; M=0,5,-3,-3,19,-22,-12,-8,1,5,-5,-2,16,-10,2,-18,-3,-7,-10,-31,-23,14;
MA   /M: SY='K'; M=0,0,-30,0,20,-10,-10,-20,-20,40,-20,20,0,10,0,10,0,-10,-20,-20,-10,10;
MA   /M: SY='K'; M=0,0,-30,0,20,-10,-10,-20,-20,40,-20,20,0,10,0,10,0,-10,-20,-20,-10,10;
MA   /M: SY='N'; M=0,20,-20,5,5,-10,-5,-15,-10,20,-20,10,39,-10,-5,-5,0,0,-20,-44,-25,0;
MA   /I: I=-15; MI=0; MD=-32; IM=0; DM=-32;
MA   /M: SY='I'; M=-3,-23,-23,-40,-28,21,-17,-13,33,-8,20,14,-3,-35,-20,-18,-12,-5,23,-20,0,-28;
MA   /M: SY='M'; M=10,-15,-20,-25,-13,-20,-20,10,7,12,15,45,3,-30,-7,-8,-10,13,3,-35,-10,-10;
MA   /M: SY='S'; M=15,0,-28,-3,-5,-18,21,-18,-7,-3,-17,-12,0,-10,-8,-13,22,7,-10,-25,-28,-10;
MA   /M: SY='Q'; M=7,-3,-12,0,20,-23,-10,-5,-18,5,-17,-15,-5,-2,21,0,17,5,-20,-20,-17,18;
MA   /M: SY='R'; M=-10,-20,-20,-10,-10,-10,-20,-10,-30,10,-20,0,-20,-10,30,80,-10,-30,-10,0,0,0;
MA   /M: SY='C'; M=-15,-20,18,-28,-3,4,-30,14,-15,-15,-2,-8,-10,-15,6,-3,-13,-15,-17,-17,-10,-1;
MA   /M: SY='W'; M=-50,-50,-20,-40,-10,10,10,-50,-30,-20,-20,-30,-70,-30,-10,0,-30,-50,-30,200,50,-10;
MA   /M: SY='G'; M=0,0,-35,-5,0,-20,34,-25,-15,16,-20,0,0,0,-10,-5,0,-15,-25,-5,-20,-5;
MA   /M: SY='P'; M=-7,-15,-30,-7,13,-32,-10,2,-27,18,-27,-25,-22,84,0,-5,-7,-3,-35,-27,-17,3;
MA   /M: SY='I'; M=-8,-20,28,-37,-20,-8,-18,-28,40,-23,15,2,-3,-30,-20,-27,-13,-5,25,-27,-23,-22;
MA   /M: SY='F'; M=-17,-27,-35,-32,-32,59,-30,-22,8,-13,20,-12,-20,-35,-25,-7,-13,-10,20,10,40,-32;
MA   /M: SY='V'; M=5,-18,-15,-18,-25,12,-28,-25,35,-20,17,5,-20,-38,-28,-12,-12,8,40,-28,15,-25;
MA   /M: SY='R'; M=-5,-10,-25,-5,5,-10,-15,-15,-25,25,-20,10,-10,0,15,46,-5,-20,-15,-10,-5,5;
MA   /M: SY='L'; M=-5,-12,-5,-12,-15,18,-22,-15,25,-20,33,15,-20,-32,-22,-18,-18,2,20,-22,25,-15;
MA   /M: SY='H'; M=-2,-13,-23,-15,-15,-5,-25,20,10,-18,10,10,-10,-15,-13,-17,-5,10,10,-38,7,-13;
MA   /M: SY='D'; M=0,2,-30,12,-8,-27,8,-18,-9,-5,-12,-22,-10,11,-15,-13,-5,-5,-9,-22,-12,-13;
MA   /I: I=-11; MD=-23;
MA   /M: SY='Q'; M=5,-3,-20,-7,-5,-20,9,-12,-8,-5,-10,-7,0,-2,16,-4,2,8,-12,-13,-12,3; D=-11;
MA   /I: I=-11; MD=-23;
MA   /M: SY='G'; M=0,10,-22,-2,-12,-17,39,-17,-5,-5,-15,-10,21,-13,-12,-15,0,-7,-20,-13,-25,-12; D=-11;
MA   /I: I=-11; MI=0; MD=-23; IM=0; DM=-23;
MA   /M: SY='P'; M=-5,-8,-8,-5,0,-5,-8,0,-3,-2,2,-5,-13,21,-5,-8,-8,0,-8,-13,2,-3; D=-11;
MA   /I: I=-11; DM=-23;
MA   /M: SY='V'; M=-5,-17,-30,-20,-25,5,-23,-18,22,-15,15,0,-13,-22,-15,-17,-5,13,28,-15,20,-22;
MA   /M: SY='L'; M=-5,-13,-5,-13,-15,17,-23,-15,25,-20,32,15,-20,-33,-23,-17,-17,3,20,-23,25,-15;
MA   /M: SY='Q'; M=-3,-15,-30,-10,10,-15,-23,0,-17,-3,-7,-10,-18,-5,57,22,-13,-3,-20,5,15,25;
MA   /M: SY='L'; M=-5,-12,-5,-15,-10,10,-20,-3,18,-10,35,30,-15,-32,-18,-15,-20,0,8,-22,20,-10;
MA   /M: SY='Y'; M=-32,-25,-45,-10,-17,27,-27,-3,-2,-13,33,-2,-35,-23,-13,-5,-20,-7,10,32,75,-17;
MA   /M: SY='Y'; M=-20,6,-34,0,-15,10,-15,-5,-5,-5,4,-5,21,-25,-10,-10,-10,0,-5,-11,23,-15;
MA   /M: SY='E'; M=3,10,-8,25,37,-40,-17,-5,-30,10,-13,-15,-5,2,28,0,-3,-12,-27,-18,-15,35;
MA   /M: SY='Q'; M=15,-5,-25,-5,15,-22,-12,-10,-15,10,-17,3,-5,0,42,15,-2,0,-17,-23,-18,22;
MA   /M: SY='G'; M=0,0,-37,-7,-10,-25,57,-27,-13,3,-20,-10,0,-5,-15,-12,0,-17,-27,2,-25,-12;
MA   /M: SY='D'; M=-5,21,-15,41,0,-16,-15,-15,-11,-10,14,-6,-5,-20,-15,-15,-10,-5,-5,-30,10,-5;
MA   /M: SY='E'; M=10,0,-10,5,34,-27,-12,-10,-20,20,-13,3,-5,5,12,-5,3,-10,-17,-23,-22,27;
MA   /M: SY='Q'; M=5,-5,-25,-5,20,-20,-15,-10,-20,20,-20,5,-5,5,41,20,-5,-5,-25,-15,-10,25;
MA   /M: SY='P'; M=-10,-20,-30,-10,10,-40,-10,10,-30,10,-30,-40,-30,110,0,-10,-10,0,-40,-30,-20,0;
MA   /M: SY='F'; M=-15,-27,-27,-47,-37,75,-25,-27,15,-13,20,-12,-7,-37,-27,-15,-10,-15,18,0,20,-37;
MA   /M: SY='Q'; M=3,-10,-22,-8,13,-20,-18,-7,-22,12,-20,0,-10,0,48,38,-8,-10,-23,-10,-8,23;
MA   /M: SY='E'; M=0,0,10,10,60,-40,-20,0,-30,20,-10,-10,-10,10,20,-10,0,-20,-30,-10,-20,50;
MA   /M: SY='F'; M=-10,-17,-12,-27,-22,35,-20,-17,25,-18,30,8,-13,-32,-22,-20,-15,-5,17,-15,20,-22;
MA   /M: SY='P'; M=-3,-10,-20,-8,10,-15,-15,-5,-12,7,-7,-3,-15,23,14,2,-10,-2,-20,-20,-2,10;
MA   /M: SY='L'; M=-10,-10,0,-10,-10,20,-20,-10,20,-20,40,20,-20,-30,-20,-20,-20,0,10,-20,30,-10;
MA   /M: SY='Q'; M=5,7,-15,19,28,-37,-18,-5,-27,5,-15,-15,-5,0,44,10,-5,-7,-28,-17,-12,33;
MA   /M: SY='P'; M=5,-15,-28,-15,-2,-25,-7,-5,0,0,-13,-15,-15,45,-2,-15,-5,3,-7,-35,-23,-7;
MA   /M: SY='C'; M=-12,-12,18,-12,-7,-8,-22,-20,-10,-12,2,-13,-10,-15,-10,-15,6,10,-3,-13,-1,-10;
MA   /M: SY='Y'; M=-33,-25,-2,-17,-8,1,-32,23,-15,-17,13,-5,-25,-15,-10,-7,-18,-15,-7,8,32,-10;
MA   /M: SY='S'; M=3,-5,-13,0,13,-17,-10,-8,-20,7,-18,-13,-7,-5,7,12,18,-2,-15,-18,-15,7;
MA   /M: SY='I'; M=-2,-15,-10,-20,-20,12,-20,-18,35,-20,27,12,-15,-33,-23,-20,-15,3,28,-25,15,-20;
MA   /M: SY='S'; M=10,0,-20,0,0,-10,0,-10,-10,0,-20,-20,0,-10,-10,-10,40,20,-10,-30,-20,-10;
MA   /M: SY='E'; M=0,13,0,30,47,-43,-17,-5,-33,15,-10,-15,-5,5,12,-10,0,-17,-27,-18,-17,37;
MA   /M: SY='P'; M=-2,-15,-25,-18,-8,-25,-13,-5,1,-3,-9,-17,-12,46,-5,-20,-2,13,-7,-35,-15,-10;
MA   /M: SY='R'; M=0,-5,-28,-8,-8,-18,8,-20,-15,7,-15,0,-2,-3,2,9,3,-2,-12,-15,-13,-5;
MA   /M: SY='I'; M=8,-10,-13,-10,-12,7,-17,-17,20,-15,20,13,-15,-27,-15,-15,-10,5,20,-30,7,-12;
MA   /M: SY='Q'; M=8,-8,-13,-5,30,-32,-20,0,-22,5,-18,-10,-10,2,66,20,-8,-5,-30,-10,-12,42;
MA   /M: SY='N'; M=13,17,-18,2,0,-18,-5,-10,-5,0,-17,0,36,-17,18,-5,0,7,-15,-49,-32,5;
MA   /M: SY='Y'; M=-35,-30,-53,-20,-25,47,-30,-7,-8,-10,28,-12,-33,-25,-15,-2,-18,-12,10,40,76,-25;
MA   /M: SY='D'; M=2,38,-28,68,8,-40,-8,-18,-33,0,-12,-28,8,-10,-10,-10,10,-3,-18,-38,-12,-2;
MA   /M: SY='Q'; M=8,-12,-13,-10,5,-13,-25,-15,7,-5,-3,-5,-15,-17,11,0,-8,0,9,-20,-3,8;
MA   /M: SY='F'; M=-6,-5,-33,-13,-18,26,-15,-15,-3,-5,5,-5,7,-25,-10,-10,-5,-3,3,-14,11,-18;
MA   /M: SY='G'; M=0,0,-40,-10,-20,-30,80,-30,-10,-10,-20,-20,0,-10,-20,-20,0,-20,-30,10,-30,-20;
MA   /M: SY='K'; M=-2,-5,-28,-2,13,-10,-12,-18,-22,33,-20,15,-5,5,7,27,-2,-15,-18,-15,-8,8;
MA   /M: SY='I'; M=0,-20,-20,-40,-30,0,-10,-20,60,-20,20,10,0,-30,-20,-30,-10,0,40,-30,-10,-30;
MA   /M: SY='H'; M=-20,-23,-45,-28,-10,4,-30,96,-15,-17,-2,10,-10,-3,-8,-10,-10,-20,-20,-35,8,-10;
MA   /M: SY='T'; M=10,0,-20,-8,-15,-18,-15,-18,-2,-8,-5,-5,8,-2,-2,-25,25,43,5,-45,-12,-10;
MA   /M: SY='I'; M=5,-18,-15,-20,-20,5,-25,-12,27,-10,20,20,-15,-38,-22,-10,-15,5,27,-28,10,-20;
MA   /M: SY='K'; M=-2,-5,-28,-2,13,-10,-12,-18,-22,33,-20,15,-5,5,7,27,-2,-15,-18,-15,-8,8;
MA   /M: SY='I'; M=-5,-15,-10,-25,-20,10,-15,-15,40,-20,30,15,-10,-30,-20,-25,-15,0,25,-25,10,-20;
MA   /M: SY='Q'; M=5,7,-15,20,27,-37,-18,-5,-27,5,-15,-15,-5,0,43,10,-5,-7,-28,-17,-12,32;
MA   /M: SY='Y'; M=-23,-25,-40,-23,-18,23,-28,23,-15,-7,5,-3,-20,-15,-3,15,-13,-20,-5,3,31,-15;
MA   /M: SY='V'; M=7,-20,-20,-25,-30,7,-25,-27,45,-20,13,3,-15,-37,-27,-15,-10,7,47,-30,5,-30;
MA   /M: SY='F'; M=2,-13,-23,-20,-23,21,-20,-23,8,-10,3,-10,-5,-23,-18,-15,9,15,15,-25,3,-23;
MA   /M: SY='Y'; M=-40,-30,-60,-10,-20,30,-30,0,-10,-10,30,-10,-40,-20,-10,0,-20,-10,10,50,90,-20;
MA   /M: SY='K'; M=2,0,-28,-2,10,-12,-12,-20,-15,28,-15,15,2,8,0,0,5,4,-13,-27,-10,5;
MA   /M: SY='E'; M=0,0,10,10,60,-40,-20,0,-30,20,-10,-10,-10,10,20,-10,0,-20,-30,-10,-20,50;
MA   /M: SY='K'; M=-3,-5,-27,-3,12,-10,-13,-17,-23,32,-20,15,-5,5,8,28,-3,-15,-17,-15,-7,7;
MA   /M: SY='P'; M=-2,-15,-25,-10,-2,-13,-17,-12,-10,10,-15,-5,-18,18,0,17,-8,-7,-5,-20,-5,-5;
MA   /M: SY='G'; M=0,0,-35,-5,0,-20,36,-25,-15,14,-20,0,0,0,-10,-5,0,-15,-25,-5,-20,-5;
MA   /M: SY='Y'; M=-17,-25,-40,-20,-25,17,-25,-13,21,-15,22,-2,-25,-28,-18,-10,-15,-2,28,9,44,-25;
MA   /M: SY='R'; M=-7,-18,-27,-12,0,-20,-22,28,-25,0,-18,2,-15,-3,35,46,-10,-20,-20,-14,-2,10;
MA   /M: SY='P'; M=-5,-15,-28,-8,8,-33,-8,5,-25,8,-28,-35,-23,81,-2,-10,2,5,-33,-30,-20,-2;
MA   /I: I=-3; MD=-7;
MA   /M: SY='G'; M=0,0,-20,-5,-10,-15,41,-15,-5,-5,-10,-10,0,-5,-10,-10,0,-10,-15,5,-15,-10; D=-3;
MA   /I: I=-3; MD=-7;
MA   /M: SY='Q'; M=5,-5,-10,-5,10,-15,-10,0,-10,0,-10,-5,-5,0,41,15,-5,0,-15,-5,-5,20; D=-3;
MA   /I: I=-3; MD=-7;
MA   /M: SY='I'; M=3,-10,-10,-15,-15,3,-10,-13,26,-10,8,3,-5,-18,-13,-10,-5,3,23,-15,0,-15; D=-3;
MA   /I: I=-3; MD=-7;
MA   /M: SY='T'; M=5,0,-10,-3,-5,-8,-5,-8,-3,-3,-5,-5,3,-3,-3,-10,15,18,0,-21,-8,-5; D=-3;
MA   /I: I=-3; MI=0; MD=-7; IM=0; DM=-7;
MA   /M: SY='R'; M=-3,-5,-13,-3,3,-5,-8,-8,-13,13,-10,5,-5,0,8,23,-3,-10,-8,-5,-3,3; D=-3;
MA   /I: I=-3; DM=-7;
MA   /M: SY='E'; M=-3,-3,3,0,13,-5,-10,-3,-3,0,8,2,-8,-5,0,-8,-5,-5,-5,-8,2,10; D=-3;
MA   /I: I=-3; DM=-7;
MA   /M: SY='F'; M=-3,-13,-13,-18,-18,28,-15,-15,10,-8,8,-5,-8,-20,-15,-5,-5,-3,15,-5,10,-18; D=-3;
MA   /I: I=-3; DM=-7;
MA   /M: SY='D'; M=0,13,-18,20,-3,-20,18,-13,-13,-3,-8,-13,3,-5,-8,-8,0,-8,-13,-8,-10,-5; D=-3;
MA   /I: I=-3; DM=-7;
MA   /M: SY='G'; M=3,0,-15,-3,-5,-10,20,-10,-5,-3,-10,-10,0,-5,-8,-8,10,0,-10,-5,-13,-8; D=-3;
MA   /I: I=-3; DM=-7;
MA   /M: SY='H'; M=-5,8,-20,18,3,-21,-10,30,-15,-5,-5,-3,0,0,-3,-5,-3,-8,-13,-23,-3,0; D=-3;
MA   /I: I=-3; DM=-7;
MA   /M: SY='I'; M=-3,-8,-5,-13,-10,5,-8,-8,20,-10,15,8,-5,-15,-10,-13,-8,0,13,-13,5,-10; D=-3;
MA   /I: I=-3; DM=-7;
MA   /M: SY='T'; M=3,0,-13,-3,0,-8,-8,-10,-5,8,-5,5,3,3,0,-5,5,10,-3,-18,-5,0; D=-3;
MA   /I: I=-3; DM=-7;
MA   /M: SY='K'; M=0,0,-15,0,10,-5,-5,-10,-10,20,-10,10,0,5,0,5,0,-5,-10,-10,-5,5; D=-3;
MA   /I: I=-3; DM=-7;
MA   /M: SY='Y'; M=-13,-10,-15,-5,-8,13,-13,-3,3,-8,18,3,-15,-13,-8,-5,-10,-3,5,8,31,-8; D=-3;
MA   /I: I=-3; DM=-7;
MA   /M: SY='G'; M=0,0,-35,-5,0,-20,36,-25,-15,14,-20,0,0,0,-10,-5,0,-15,-25,-5,-20,-5;
MA   /M: SY='L'; M=-5,-10,-12,-10,-7,-4,-18,-7,3,-10,13,0,-15,12,-10,-20,-8,12,-2,-30,8,-8;
MA   /M: SY='P'; M=5,-10,-20,-3,20,-35,-10,0,-23,10,-20,-20,-18,56,7,-10,-3,-2,-25,-30,-25,12;
MA   /M: SY='V'; M=5,-17,-15,-17,-25,13,-27,-25,35,-20,18,5,-20,-37,-27,-13,-13,7,40,-27,15,-25;
MA   /M: SY='E'; M=12,-5,-7,0,24,-23,-17,-12,-6,5,-5,-3,-10,-7,6,-10,0,-5,-1,-25,-18,18;
MA   /M: SY='H'; M=-20,-20,-50,-20,0,-30,-30,140,-20,-20,-10,20,-10,10,0,-10,-10,-20,-30,-50,0,0;
MA   /M: SY='S'; M=15,0,-15,0,9,-22,-10,-13,-10,2,-10,-5,0,-3,5,-15,18,15,-5,-35,-23,7;
MA   /M: SY='P'; M=15,-10,-30,-5,5,-30,-5,-5,-15,5,-20,-15,-15,50,5,-10,0,5,-15,-40,-30,0;
MA   /M: SY='Q'; M=5,7,-15,19,28,-37,-18,-5,-27,5,-15,-15,-5,0,44,10,-5,-7,-28,-17,-12,33;
MA   /M: SY='C'; M=-8,-15,28,-20,-7,-13,-18,-23,-1,-10,-5,-8,-8,-20,-5,5,0,-7,-1,-20,-23,-10;
MA   /M: SY='E'; M=5,0,-5,2,24,-27,-15,-8,-17,7,-10,-10,-2,2,7,-15,15,8,-15,-25,-17,19;
MA   /M: SY='Q'; M=10,-13,-20,-13,7,-20,-23,-8,-5,-5,-12,-7,-13,-10,52,20,-10,3,-10,-15,-5,22;
MA   /M: SY='L'; M=0,-15,-10,-17,-15,8,-22,-8,23,-10,28,25,-15,-35,-20,-13,-18,2,18,-25,15,-15;
MA   /M: SY='F'; M=-10,-18,-13,-28,-23,36,-20,-18,25,-17,30,7,-12,-33,-23,-20,-15,-5,17,-15,20,-23;
MA   /M: SY='K'; M=0,0,-30,0,20,-10,-10,-20,-20,40,-20,20,0,10,0,10,0,-10,-20,-20,-10,10;
MA   /M: SY='F'; M=-10,-18,-13,-28,-23,35,-20,-18,25,-17,30,7,-12,-33,-23,-20,-15,-5,18,-15,20,-23;
MA   /M: SY='G'; M=0,0,-40,-10,-20,-30,80,-30,-10,-10,-20,-20,0,-10,-20,-20,0,-20,-30,10,-30,-20;
MA   /M: SY='S'; M=10,0,-20,-2,-5,-12,-5,-12,-8,-2,-15,-15,2,-8,-8,-15,35,27,-5,-35,-18,-10;
MA   /M: SY='T'; M=5,-8,-15,-15,-15,-10,-20,-7,8,-5,15,21,0,-18,-8,-20,0,24,7,-37,0,-10;
MA   /M: SY='N'; M=2,30,-12,8,-8,-10,0,-10,-2,0,-20,-5,61,-25,-10,-18,10,12,-18,-60,-35,-10;
MA   /M: SY='Y'; M=-20,-22,-52,-7,-15,17,-22,-5,-7,-7,20,-5,-30,-17,-5,-3,-12,-5,10,25,57,-15;
MA   /M: SY='H'; M=-2,8,-22,20,18,-32,-15,26,-25,0,-13,-10,-2,0,0,-10,8,-7,-22,-32,-13,10;
MA   /M: SY='D'; M=-5,32,-35,62,7,-45,-15,21,-35,-5,-10,-17,5,-5,-7,-10,-3,-13,-23,-43,-7,0;
MA   /M: SY='F'; M=-10,-22,-20,-35,-25,49,-25,-12,8,-5,25,11,-10,-37,-22,-10,-15,-10,7,-8,20,-25;
MA   /M: SY='M'; M=-2,-7,-13,-7,5,0,-17,-10,0,1,9,12,-12,-12,11,0,-12,-3,-8,-17,10,8;
MA   /M: SY='D'; M=8,9,-22,16,2,-27,-13,-12,-17,-3,-13,-15,2,-5,16,-5,12,15,-12,-32,-12,5;
MA   /M: SY='F'; M=-20,-30,-30,-50,-40,100,-30,-30,0,-10,20,-20,-10,-40,-30,-10,-10,-20,10,10,30,-40;
MA   /M: SY='I'; M=3,-12,-15,-17,-17,5,-15,-18,27,-15,12,2,-10,-27,-20,-17,1,8,22,-28,2,-20;
MA   /M: SY='T'; M=3,-10,-27,-15,-18,-15,-25,17,5,-15,0,5,-3,-8,-8,-20,5,22,10,-45,-2,-13;
MA   /M: SY='C'; M=7,-5,27,-13,-7,-23,-20,-28,-5,-13,-2,-3,2,-10,-3,-22,7,22,2,-42,-30,-5;
MA   /M: SY='V'; M=7,-20,-20,-25,-30,7,-25,-27,45,-20,13,3,-15,-37,-27,-15,-10,7,47,-30,5,-30;
MA   /M: SY='E'; M=2,-2,3,5,50,-38,-20,0,-28,15,-12,-10,-10,8,35,0,-2,-15,-30,-10,-18,48;
MA   /M: SY='D'; M=0,25,-10,50,35,-45,-15,-10,-35,10,-10,-20,0,0,5,-10,0,-15,-25,-25,-15,25;
MA   /M: SY='Q'; M=5,-8,-10,-3,9,-12,-15,-10,-10,2,0,5,-12,-10,10,10,-5,-10,-5,-20,-8,9;
MA   /M: SY='L'; M=-10,-10,0,-10,-10,20,-20,-10,20,-20,40,20,-20,-30,-20,-20,-20,0,10,-20,30,-10;
MA   /M: SY='F'; M=-5,-25,-25,-40,-25,41,-25,-6,5,5,20,19,-5,-40,-20,-5,-15,-10,5,-10,10,-25;
MA   /M: SY='K'; M=0,12,-30,22,18,-20,-10,-20,-25,30,-18,8,2,5,-2,5,0,-10,-20,-25,-10,8;
MA   /M: SY='C'; M=-12,-15,38,-23,-10,2,-22,-23,20,-23,25,7,-12,-30,-20,-23,-17,-5,10,-23,-3,-13;
MA   /M: SY='P'; M=-7,-15,-30,-7,13,-32,-10,2,-27,18,-27,-25,-22,85,0,-5,-7,-3,-35,-27,-17,3;
MA   /M: SY='V'; M=22,-10,-25,-15,-15,-7,-10,-22,25,-10,3,8,-5,-23,-8,-15,0,7,28,-40,-20,-15;
MA   /M: SY='L'; M=0,-10,-10,-12,-17,7,-22,-17,20,-17,23,10,-12,-25,-17,-20,-7,15,20,-30,15,-15;
MA   /M: SY='R'; M=0,-10,-20,-5,-5,-10,-10,-10,-20,5,-20,-10,-10,-10,10,36,14,-6,-10,-15,-10,-5;
MA   /M: SY='K'; M=5,-5,-15,-7,13,-23,-18,-5,-10,17,-2,17,0,-5,3,-8,0,5,-10,-28,-13,10;
MA   /M: SY='P'; M=5,2,-27,17,2,-30,-10,-10,-25,5,-17,-15,-10,19,8,13,-2,-8,-15,-30,-17,0;
MA   /M: SY='M'; M=8,-2,-23,-2,7,-5,-10,-18,-5,15,-3,17,-5,-5,-2,-3,-2,-2,-5,-28,-8,2;
MA   /M: SY='P'; M=-3,-8,-20,-5,5,-10,-10,-7,-10,7,-7,-5,-13,20,-8,-8,2,3,-15,-25,-5,-3;
MA   /I: E1=0; IE=-105; DE=-105;
NR   /RELEASE=2015_11,549832;
NR   /TOTAL=7(7); /POSITIVE=7(7); /UNKNOWN=0(0); /FALSE_POS=0(0);
NR   /FALSE_NEG=1; /PARTIAL=0;
CC   /MATRIX_TYPE=protein_domain;
CC   /SCALING_DB=reversed;
CC   /AUTHOR=CJA_Sigrist;
CC   /TAXO-RANGE=??E??; /MAX-REPEAT=1;
CC   /FT_KEY=DOMAIN; /FT_DESC=SHD;
CC   /VERSION=2;
DR   P90761, STNB_CAEEL , T; Q24212, STNB_DROME , T; Q9Y6Q2, STON1_HUMAN, T;
DR   Q8CDJ8, STON1_MOUSE, T; Q8WXE9, STON2_HUMAN, T; Q8BZ60, STON2_MOUSE, T;
DR   D4AB66, STON2_RAT  , T;
DR   Q8NHQ8, RASF8_HUMAN, N;
PR   PRU00403;
DO   PDOC51070;
=======
ID   EH; MATRIX.
AC   PS50031;
DT   MAY-2002 (CREATED); OCT-2013 (DATA UPDATE); OCT-2015 (INFO UPDATE).
DE   EH domain profile.
MA   /GENERAL_SPEC: ALPHABET='ABCDEFGHIKLMNPQRSTVWYZ'; LENGTH=91;
MA   /DISJOINT: DEFINITION=PROTECT; N1=6; N2=86;
MA   /NORMALIZATION: MODE=1; FUNCTION=LINEAR; R1=.1558; R2=.02262896; TEXT='NScore';
MA   /NORMALIZATION: MODE=-1; FUNCTION=LINEAR; R1=4627.62406015038; R2=25.8890977443609; TEXT='HScore';
MA   /CUT_OFF: LEVEL=0; SCORE=368; N_SCORE=8.5; H_SCORE=14181; MODE=1; TEXT='!';
MA   /CUT_OFF: LEVEL=-1; SCORE=280; N_SCORE=6.5; H_SCORE=11877; MODE=1; TEXT='?';
MA   /DEFAULT: D=-20; I=-20; B1=-50; E1=-50; MI=-105; MD=-105; IM=-105; DM=-105;
MA   /I: B1=0; BI=-105; BD=-105;
MA   /M: SY='D'; M=-14,28,-29,40,26,-34,-5,-2,-35,4,-27,-24,13,-9,5,-5,0,-10,-29,-34,-20,15;
MA   /M: SY='K'; M=-9,-2,-26,-5,5,-22,-21,-8,-11,14,-13,-4,0,-14,9,6,-6,-5,-11,-24,-10,6;
MA   /M: SY='A'; M=19,-4,-19,-9,-2,-23,-2,-12,-16,-5,-18,-10,-1,-1,-2,-12,8,-2,-12,-25,-20,-3;
MA   /M: SY='K'; M=-12,-5,-27,-5,2,-17,-22,-8,-19,21,-14,-5,-5,-16,8,21,-11,-9,-14,-20,-7,5;
MA   /M: SY='Y'; M=-19,-24,-26,-27,-24,42,-30,5,2,-17,4,1,-21,-30,-20,-14,-19,-9,-3,20,59,-24;
MA   /M: SY='E'; M=-9,13,-30,20,21,-24,-14,-4,-27,-1,-23,-21,3,-3,3,-8,-2,-9,-26,-14,-11,12;
MA   /M: SY='E'; M=-2,4,-25,6,20,-30,-13,-5,-25,14,-23,-13,1,-8,16,5,3,-4,-21,-26,-15,18;
MA   /M: SY='I'; M=-12,-25,-28,-32,-22,6,-35,-19,28,-20,15,13,-19,-22,-14,-20,-19,-10,14,-13,9,-21;
MA   /M: SY='F'; M=-20,-27,-23,-33,-27,63,-30,-6,0,-23,7,0,-20,-30,-30,-17,-20,-10,-3,17,47,-27;
MA   /M: SY='D'; M=-6,5,-23,6,5,-20,-14,1,-18,-2,-11,-10,4,-15,2,1,1,-4,-16,-30,-12,3;
MA   /M: SY='S'; M=2,2,-20,2,5,-27,-6,-6,-23,4,-24,-13,4,-11,13,2,14,4,-17,-29,-16,9;
MA   /I: MD=-32;
MA   /M: SY='V'; M=0,-12,1,-16,-13,0,-16,-15,3,-14,5,1,-11,-15,-13,-13,-4,5,7,-17,-5,-13; D=-6;
MA   /I: I=-6; MI=-32; IM=-32; DM=-32;
MA   /M:
MA   /M:
MA   /M:
MA   /M:
MA   /M:
MA   /M:
MA   /M:
MA   /M:
MA   /M:
MA   /M:
MA   /M:
MA   /M:
MA   /M:
MA   /M: SY='R'; M=-1,-5,-20,-6,2,-18,-14,-8,-16,11,-14,-8,-1,-14,1,17,-1,-4,-8,-23,-12,0; D=-3;
MA   /M: SY='P'; M=-1,-5,-25,-2,7,-22,-15,-14,-17,-4,-18,-14,-8,26,-4,-11,0,2,-17,-27,-19,0; D=-3;
MA   /M: SY='I'; M=-8,-23,-22,-27,-20,7,-22,-22,14,-18,9,6,-18,-16,-20,-17,-15,-7,11,-16,-2,-21; D=-3;
MA   /M: SY='F'; M=-13,-26,-19,-30,-22,32,-27,-14,11,-25,28,13,-23,-27,-23,-17,-23,-9,4,-5,16,-21; D=-3;
MA   /M: SY='M'; M=-5,-14,-20,-16,-6,-7,-19,-8,0,-3,6,12,-13,-18,-4,-1,-10,-6,0,-19,-3,-5; D=-3;
MA   /M: SY='N'; M=-5,4,-19,0,0,-16,-11,0,-19,9,-22,-12,10,-13,1,6,9,7,-15,-25,-6,0; D=-3;
MA   /M: SY='S'; M=6,-5,-11,-8,-6,-8,-7,-12,-12,-12,-15,-12,2,-12,-6,-11,23,16,-5,-29,-12,-6; D=-3;
MA   /M: SY='G'; M=-6,1,-27,1,-7,-26,29,-11,-33,0,-26,-17,6,-17,-8,3,-2,-14,-25,-22,-21,-8; D=-3;
MA   /M: SY='L'; M=-8,-28,-18,-28,-20,8,-28,-20,21,-27,41,18,-27,-27,-19,-19,-25,-8,14,-19,-1,-20; D=-3;
MA   /M: SY='P'; M=-7,-2,-27,2,1,-25,-12,-11,-20,-6,-26,-18,-1,39,-5,-10,3,-1,-23,-31,-23,-5; D=-3;
MA   /M: SY='D'; M=-4,7,-24,9,2,-26,-8,-7,-21,3,-19,-9,3,-9,3,-1,0,-6,-16,-28,-16,2;
MA   /M: SY='Q'; M=-4,5,-23,6,6,-24,-16,-4,-16,-5,-16,-11,2,-4,7,-8,5,5,-16,-30,-14,6;
MA   /M: SY='V'; M=-7,-7,-21,-7,-11,-12,-25,-17,8,-15,5,2,-12,-20,-10,-16,-8,-1,10,-27,-9,-11;
MA   /M: SY='L'; M=-10,-30,-21,-31,-21,9,-31,-21,23,-30,47,20,-29,-29,-20,-21,-29,-10,12,-20,0,-21;
MA   /M: SY='G'; M=12,-1,-20,-5,-4,-24,17,-12,-25,-7,-23,-16,5,-14,-6,-7,8,-5,-18,-26,-22,-5;
MA   /M: SY='H'; M=-12,-1,-27,-1,9,-26,-18,19,-26,16,-23,-7,3,-13,18,19,-2,-7,-23,-25,-5,12;
MA   /M: SY='I'; M=-2,-28,-22,-35,-28,-2,-34,-29,39,-25,14,14,-22,-22,-22,-26,-14,-6,33,-23,-5,-28;
MA   /M: SY='W'; M=-20,-40,-50,-40,-30,10,-20,-30,-20,-20,-20,-20,-40,-30,-20,-20,-40,-30,-30,150,30,-20;
MA   /M: SY='B'; M=5,14,-19,14,9,-21,-7,-7,-22,-4,-21,-19,11,-11,-1,-10,11,2,-17,-32,-17,4;
MA   /M: SY='L'; M=-5,-27,-19,-28,-19,7,-27,-20,16,-27,42,16,-27,-27,-19,-19,-24,-5,9,-21,-2,-19;
MA   /M: SY='A'; M=16,-16,15,-22,-18,-14,-15,-23,-3,-18,-9,-7,-13,-21,-17,-21,5,1,9,-32,-18,-18;
MA   /M:
MA   /M:
MA   /M:
MA   /M:
MA   /M:
MA   /M:
MA   /M:
MA   /M:
MA   /M:
MA   /M:
MA   /M:
MA   /M:
MA   /M:
MA   /M: SY='F'; M=11,-19,-10,-26,-19,14,-17,-19,-1,-19,1,-3,-15,-21,-20,-20,-3,-3,3,-13,1,-19;
MA   /M: SY='V'; M=-2,-25,-19,-26,-20,-1,-26,-19,17,-20,13,10,-23,-16,-19,-19,-12,-4,18,-22,-2,-21;
MA   /M: SY='A'; M=27,-14,-7,-23,-15,-2,-6,-20,-9,-16,-4,-7,-12,-16,-17,-20,2,-1,-1,-17,-11,-15;
MA   /M: SY='M'; M=-10,-23,-20,-30,-20,12,-24,-11,16,-19,22,32,-20,-23,-12,-15,-18,-7,8,-18,2,-16;
MA   /M: SY='H'; M=-14,-10,-28,-13,-7,-5,-22,29,-16,1,-12,-2,-3,-20,0,13,-11,-13,-15,-16,13,-7;
MA   /M: SY='L'; M=-9,-26,-9,-28,-19,8,-27,-19,12,-27,35,15,-25,-28,-19,-19,-22,-7,6,-23,-3,-19;
MA   /M: SY='I'; M=-5,-27,-20,-32,-26,0,-32,-27,33,-25,16,13,-22,-24,-22,-23,-13,-4,31,-25,-5,-26;
MA   /M: SY='A'; M=5,0,-21,-6,-4,-8,-12,-2,-14,-4,-14,-9,3,-17,2,-3,0,-5,-14,-15,1,-2;
MA   /M: SY='Q'; M=-8,-4,-7,-4,-3,-19,-17,-5,-17,-4,-9,-4,-7,-20,6,-3,-8,-10,-15,-22,-6,1;
MA   /M: SY='A'; M=11,-12,-11,-16,-8,-17,-14,-15,-12,4,-8,-4,-10,-17,-5,4,-4,-5,-4,-23,-14,-7;
MA   /M: SY='Q'; M=-10,-7,-23,-10,-3,-16,-21,3,-3,-6,2,6,-4,-20,11,-3,-10,-8,-7,-25,-6,3;
MA   /M: SY='N'; M=-5,12,-24,9,12,-26,-12,-1,-20,4,-23,-14,16,-12,12,3,6,-3,-21,-31,-16,12;
MA   /M: SY='G'; M=0,-8,-27,-9,-11,-26,32,-11,-30,-5,-22,-13,-2,-18,-11,-8,-3,-14,-22,-21,-20,-11;
MA   /I: MD=-17;
MA   /M: SY='G'; M=-4,0,-16,1,4,-15,6,0,-16,0,-14,-9,2,0,-1,-2,-2,-7,-15,-14,-10,1; D=-3;
MA   /I: I=-5; MI=0; IM=0; DM=-17;
MA   /M: SY='E'; M=-6,-5,-26,-3,4,-14,-20,-5,-8,-7,-7,-7,-6,-3,-4,-11,-7,-7,-10,-23,-6,-2;
MA   /M: SY='E'; M=-7,0,-25,5,13,-25,-17,-10,-20,-1,-21,-16,-3,11,2,-3,5,2,-17,-31,-19,6;
MA   /M: SY='I'; M=-2,-25,-22,-29,-22,-6,-29,-27,24,-21,7,7,-21,-5,-20,-23,-11,-3,21,-25,-10,-24;
MA   /M: SY='P'; M=-9,-13,-36,-7,0,-28,-17,-17,-20,-9,-29,-20,-11,72,-9,-17,-5,-5,-28,-31,-28,-9;
MA   /M: SY='S'; M=0,-2,-20,-3,-4,-13,-14,0,-14,-4,-11,-6,-1,-16,-1,-2,2,0,-11,-21,-1,-4;
MA   /M: SY='S'; M=0,-8,-16,-8,1,-16,-16,-13,-5,-9,-10,-7,-6,-15,0,-10,11,8,2,-32,-14,0;
MA   /M: SY='L'; M=-8,-22,-20,-25,-18,4,-26,-18,17,-26,33,13,-19,-26,-17,-19,-19,-6,8,-23,-3,-18;
MA   /M: SY='P'; M=-6,-15,-32,-9,-4,-20,-19,-16,-14,-11,-18,-14,-16,48,-10,-18,-7,-5,-20,-25,-16,-10;
MA   /M: SY='S'; M=-1,6,-21,7,-1,-22,-10,-11,-16,-9,-20,-16,6,6,-6,-13,8,3,-14,-34,-20,-5;
MA   /M: SY='Q'; M=-5,-5,-24,-4,3,-13,-14,-3,-17,-6,-15,-11,-2,-12,4,-7,3,-3,-17,-12,-7,4;
MA   /M: SY='L'; M=1,-20,-16,-23,-15,-1,-20,-17,8,-21,23,12,-18,-22,-13,-17,-10,1,5,-24,-6,-14;
MA   /M: SY='I'; M=-6,-26,-24,-31,-22,3,-29,-23,19,-17,11,10,-21,-23,-18,-13,-17,-9,16,-10,-1,-21;
MA   /M: SY='P'; M=-6,-3,-32,1,7,-30,-16,-6,-21,-4,-26,-16,-3,41,4,-11,-4,-8,-27,-30,-22,3;
MA   /M: SY='P'; M=-3,-10,-27,-6,3,-25,-12,-15,-17,-8,-24,-16,-8,32,-2,-13,6,1,-17,-31,-23,-2;
MA   /M: SY='S'; M=1,-10,-10,-11,-8,-12,-13,-16,-12,-14,-20,-14,-3,7,-11,-16,10,3,-9,-31,-17,-11;
MA   /M: SY='K'; M=-7,2,-25,2,8,-20,-15,-7,-25,14,-23,-14,4,-6,3,14,1,-3,-19,-26,-13,5;
MA   /M: SY='R'; M=-4,-7,-21,-13,-9,0,-16,-10,-12,1,-8,-6,0,-20,-8,9,-6,-5,-8,-19,-5,-9;
MA   /M: SY='H'; M=-4,-3,-27,-5,-1,-18,-7,4,-20,-2,-19,-9,2,3,-4,-6,-4,-9,-20,-26,-12,-4;
MA   /I: E1=0; IE=-105; DE=-105;
NR   /RELEASE=2015_11,549832;
NR   /TOTAL=199(115); /POSITIVE=198(114); /UNKNOWN=0(0); /FALSE_POS=1(1);
NR   /FALSE_NEG=7; /PARTIAL=0;
CC   /MATRIX_TYPE=protein_domain;
CC   /SCALING_DB=reversed;
CC   /AUTHOR=K_Hofmann;
CC   /TAXO-RANGE=??E??; /MAX-REPEAT=3;
CC   /FT_KEY=DOMAIN; /FT_DESC=EH;
CC   /VERSION=2;
DR   P34216, EDE1_YEAST , T; Q94CF0, EHD1_ARATH , T; Q5E9R3, EHD1_BOVIN , T;
DR   Q9H4M9, EHD1_HUMAN , T; Q9WVK4, EHD1_MOUSE , T; Q5RBP4, EHD1_PONAB , T;
DR   Q641Z6, EHD1_RAT   , T; B3LF48, EHD2_ARATH , T; Q9NZN4, EHD2_HUMAN , T;
DR   Q8BH64, EHD2_MOUSE , T; Q4V8H8, EHD2_RAT   , T; Q9NZN3, EHD3_HUMAN , T;
DR   Q9QXY6, EHD3_MOUSE , T; Q8R491, EHD3_RAT   , T; Q9H223, EHD4_HUMAN , T;
DR   Q9EQP2, EHD4_MOUSE , T; A6RFP4, END3_AJECN , T; Q755V2, END3_ASHGO , T;
DR   A1CPG1, END3_ASPCL , T; B0XR88, END3_ASPFC , T; Q4WSE8, END3_ASPFU , T;
DR   A2QRG2, END3_ASPNC , T; Q2UCH0, END3_ASPOR , T; Q0D0N9, END3_ASPTN , T;
DR   A6SIJ6, END3_BOTFB , T; Q5AJ82, END3_CANAL , T; Q6FP98, END3_CANGA , T;
DR   Q2H2V8, END3_CHAGB , T; Q1DUU2, END3_COCIM , T; Q6BY77, END3_DEBHA , T;
DR   Q5BEK7, END3_EMENI , T; Q6CTM9, END3_KLULA , T; A5DXI9, END3_LODEL , T;
DR   P0CT09, END3_MAGO7 , T; L7IIY8, END3_MAGOY , T; A1D2B8, END3_NEOFI , T;
DR   Q7S9V9, END3_NEUCR , T; A5DF78, END3_PICGU , T; A3M008, END3_PICST , T;
DR   B2AS96, END3_PODAN , T; Q9USZ7, END3_SCHPO , T; A7E7N7, END3_SCLS1 , T;
DR   A7TEE6, END3_VANPO , T; Q6C370, END3_YARLI , T; A6ZRZ6, END3_YEAS7 , T;
DR   P39013, END3_YEAST , T; Q9UBC2, EP15R_HUMAN, T; Q60902, EP15R_MOUSE, T;
DR   Q54KI4, EPS15_DICDI, T; P42566, EPS15_HUMAN, T; P42567, EPS15_MOUSE, T;
DR   Q754G7, IRS4_ASHGO , T; A1CBF3, IRS4_ASPCL , T; Q4WVH0, IRS4_ASPFU , T;
DR   A2RA84, IRS4_ASPNC , T; Q59SR6, IRS4_CANAL , T; Q6FJW0, IRS4_CANGA , T;
DR   Q2H9M1, IRS4_CHAGB , T; Q1DKE6, IRS4_COCIM , T; Q6BRH9, IRS4_DEBHA , T;
DR   Q5BH85, IRS4_EMENI , T; A5DZL0, IRS4_LODEL , T; A4QST9, IRS4_MAGO7 , T;
DR   A1DDY6, IRS4_NEOFI , T; Q7SB65, IRS4_NEUCR , T; A5DBE7, IRS4_PICGU , T;
DR   A3LPY4, IRS4_PICST , T; O14066, IRS4_SCHPO , T; Q6C449, IRS4_YARLI , T;
DR   Q15811, ITSN1_HUMAN, T; Q9Z0R4, ITSN1_MOUSE, T; Q9WVE9, ITSN1_RAT  , T;
DR   O42287, ITSN1_XENLA, T; Q9NZM3, ITSN2_HUMAN, T; Q9Z0R6, ITSN2_MOUSE, T;
DR   A6R7X5, PAN1_AJECN , T; Q75AA0, PAN1_ASHGO , T; A1CD74, PAN1_ASPCL , T;
DR   B0YC95, PAN1_ASPFC , T; Q4WG58, PAN1_ASPFU , T; A2R180, PAN1_ASPNC , T;
DR   Q2UDY8, PAN1_ASPOR , T; Q0CPW4, PAN1_ASPTN , T; A6S9N4, PAN1_BOTFB , T;
DR   Q5AHB1, PAN1_CANAL , T; Q6FPQ7, PAN1_CANGA , T; Q2H922, PAN1_CHAGB , T;
DR   Q1DQC1, PAN1_COCIM , T; Q6BNL1, PAN1_DEBHA , T; Q5B5B0, PAN1_EMENI , T;
DR   Q6CQX9, PAN1_KLULA , T; A5DVD6, PAN1_LODEL , T; A4R8N4, PAN1_MAGO7 , T;
DR   A1DC51, PAN1_NEOFI , T; Q7SAT8, PAN1_NEUCR , T; A5DP36, PAN1_PICGU , T;
DR   A3LN86, PAN1_PICST , T; B2AWS3, PAN1_PODAN , T; Q10172, PAN1_SCHPO , T;
DR   A7EKZ0, PAN1_SCLS1 , T; A7TSV7, PAN1_VANPO , T; Q6C908, PAN1_YARLI , T;
DR   A6ZVS5, PAN1_YEAS7 , T; P32521, PAN1_YEAST , T; Q96D71, REPS1_HUMAN, T;
DR   O54916, REPS1_MOUSE, T; Q8NFH8, REPS2_HUMAN, T; Q80XA6, REPS2_MOUSE, T;
DR   Q9UMZ2, SYNRG_HUMAN, T; Q5SV85, SYNRG_MOUSE, T; Q9JKC9, SYNRG_RAT  , T;
DR   O94685, UCP8_SCHPO , T; Q9HGL2, YHLA_SCHPO , T; P34550, YNJ6_CAEEL , T;
DR   A6S9V4, IRS4_BOTFB , N; Q6CSC2, IRS4_KLULA , N; A7EDF3, IRS4_SCLS1 , N;
DR   A6ZZY3, IRS4_YEAS7 , N; P36115, IRS4_YEAST , N; A6ZPP1, TAX4_YEAS7 , N;
DR   P47030, TAX4_YEAST , N;
DR   Q0P561, SNTAN_BOVIN, F;
3D   1C07; 1EH2; 1F8H; 1FF1; 1FI6; 1IQ3; 1QJT; 2JQ6; 2JXC; 2KFF; 2KFG; 2KFH;
3D   2KGR; 2KHN; 2KSP; 2QPT; 3FIA; 4CID;
PR   PRU00077;
DO   PDOC50031;
>>>>>>> 55e90808d2aded5d4e4d7c9af7124fa9ddff1b00
//
